0 0.5031985294117647 0.39531862745098045 0.3970016339869281 0.5848774509803922
0 0.3868872549019608 0.9164445465686275 0.1509803921568628 0.09888174019607843
0 0.5449959150326797 0.891482843137255 0.17945261437908494 0.13106617647058816
0 0.8686642156862744 0.8753216911764706 0.1809558823529412 0.1054840686274509
0 0.9310253267973855 0.7072594975490196 0.13688725490196074 0.14062806372549028
0 0.8517871732026144 0.7420634191176472 0.1472017973856209 0.16525428921568625
0 0.7552267156862745 0.7480422794117647 0.13594362745098038 0.17297181372549017
0 0.6609967320261437 0.7575367647058823 0.11251633986928097 0.16666666666666666
0 0.5663071895424837 0.7557797181372549 0.10875816993464053 0.15469669117647053
0 0.4800490196078431 0.77125 0.09563725490196083 0.13360294117647056
0 0.8250694444444444 0.5606525735294118 0.16688725490196077 0.1821200980392157
0 0.926593137254902 0.5536151960784313 0.1468137254901961 0.15257352941176472